4
0.855 1 3
30 46
dirt-straight-hilly:1,2,6
asphalt-straight-hilly:14,21,28
dirt-slalom-flat:3,8,9,10,24,26
dirt-straight-flat:4,23
asphalt-slalom-hilly:13,15,22
asphalt-slalom-flat:11,19,29
dirt-slalom-hilly:7,16,17,25,30
asphalt-straight-flat:5,12,18,20,27
5
mazda:0.1249 0.038 0.1078 0.0905 0.1583 0.0997 0.0343 0.0738 0.1677 0.0651 0.0181 0.0216
go-kart:0.1475 0.1677 0.0155 0.1031 0.0537 0.0682 0.108 0.0581 0.1378 0.0081 0.0071 0.1252
ferarri:0.1304 0.0692 0.057 0.0184 0.1462 0.1567 0.1766 0.0924 0.0404 0.0916 0.0002 0.021
toyota:0.0184 0.0763 0.1152 0.1146 0.1318 0.1076 0.1164 0.0303 0.0134 0.086 0.0992 0.0908
humvee:0.0683 0.1458 0.0662 0.0387 0.1394 0.023 0.0507 0.1508 0.0059 0.0839 0.0692 0.1581
5
crash:0.1217 0.1152 0.012 0.0861 0.1307 0.043 0.0562 0.1533 0.0049 0.1313 0.1145 0.0312
mushroom:0.1239 0.0624 0.1463 0.2234 0.162 0.0232 0.0189 0.0346 0.0233 0.1239 0.0075 0.0505
stig:0.0806 0.1886 0.0195 0.0618 0.0184 0.1345 0.0635 0.0368 0.0054 0.0484 0.1766 0.1661
schumacher:0.1653 0.0958 0.1606 0.069 0.0299 0.0746 0.0686 0.0833 0.0076 0.0796 0.0062 0.1593
anakin:0.0129 0.0348 0.0707 0.0918 0.1277 0.0852 0.1452 0.0542 0.1735 0.1471 0.0203 0.0366
performance:0.1223 0.1245 0.0725 0.0908 0.1298 0.0366 0.1408 0.0545 0.0595 0.0968 0.0582 0.0137
all-terrain:0.0328 0.1755 0.0383 0.0276 0.0802 0.05 0.0461 0.0776 0.0299 0.1478 0.1565 0.1377
mud:0.0816 0.1214 0.0024 0.1043 0.0143 0 0.0777 0.1489 0.1521 0.1108 0.0925 0.094
low-profile:0.0968 0.1284 0.1186 0.0223 0.1305 0.0599 0.0679 0.0703 0.094 0.0555 0.1306 0.0254
6 2 7 6 1 6 4 4 5 2 2 5 3 2 3 3 3 2 7 2 3 3 1 2 2 2 7 2 6 2 4 1 2 7 5 2 5 2 3 2
0.1809 0.397 0.2431 0.3319 0.1095 0.3471 0.1896 0.1321